TracePro Surface Property Data
File Name	/io/export.brdf.txt
TracePro Release: 7 0 0
Database Version: 3 3 0
Data generated at 01.01.2020 00:00:00

Name	export
Catalog	brdf_utils
Description
Coating    1
Scatter    5
Interaction    0
Polarization   0
User_Data  1
Solve	BRDF

Temperature	Wavelength	IncAngle	AziAngle	Abso_S	Abso_P	Refl_S	Refl_P	Tran_S	Tran_P	PhaseRefl	PhaseTran	BRDF_A	BRDF_B	BRDF_By	BRDF_g	BRDF_gy	BTDF_A	BTDF_B	BTDF_By	BTDF_g	BTDF_gy
300	0.55	45	0	0.05	0.05	0	0	0	0	0	0	0	0	0	0	0	0	0	0	0	0	
Table_BSDF_Data
Temperature	Wavelength	IncAngle	AziAngle	ScatterBeta	ScatterAzimuth	BRDF	BTDF
300	0.55	45	0	0.619951	0	0.1107685	0	
300	0.55	45	0	0.619951	10	0.1107685	0	
300	0.55	45	0	0.619951	20	0.1107685	0	
300	0.55	45	0	0.619951	30	0.1107685	0	
300	0.55	45	0	0.619951	40	0.1107685	0	
300	0.55	45	0	0.619951	50	0.1107685	0	
300	0.55	45	0	0.619951	60	0.1107685	0	
300	0.55	45	0	0.619951	70	0.1107685	0	
300	0.55	45	0	0.619951	80	0.1107685	0	
300	0.55	45	0	0.619951	90	0.1107685	0	
300	0.55	45	0	0.619951	100	0.1107685	0	
300	0.55	45	0	0.619951	110	0.1107685	0	
300	0.55	45	0	0.619951	120	0.1107685	0	
300	0.55	45	0	0.619951	130	0.1107685	0	
300	0.55	45	0	0.619951	140	0.1107685	0	
300	0.55	45	0	0.619951	150	0.1107685	0	
300	0.55	45	0	0.619951	160	0.1107685	0	
300	0.55	45	0	0.619951	170	0.1107685	0	
300	0.55	45	0	0.619951	180	0.1107685	0	
300	0.55	45	0	0.619951	190	0.1107685	0	
300	0.55	45	0	0.619951	200	0.1107685	0	
300	0.55	45	0	0.619951	210	0.1107685	0	
300	0.55	45	0	0.619951	220	0.1107685	0	
300	0.55	45	0	0.619951	230	0.1107685	0	
300	0.55	45	0	0.619951	240	0.1107685	0	
300	0.55	45	0	0.619951	250	0.1107685	0	
300	0.55	45	0	0.619951	260	0.1107685	0	
300	0.55	45	0	0.619951	270	0.1107685	0	
300	0.55	45	0	0.619951	280	0.1107685	0	
300	0.55	45	0	0.619951	290	0.1107685	0	
300	0.55	45	0	0.619951	300	0.1107685	0	
300	0.55	45	0	0.619951	310	0.1107685	0	
300	0.55	45	0	0.619951	320	0.1107685	0	
300	0.55	45	0	0.619951	330	0.1107685	0	
300	0.55	45	0	0.619951	340	0.1107685	0	
300	0.55	45	0	0.619951	350	0.1107685	0	
300	0.55	45	0	0.5334586	0	0.1114105	0	
300	0.55	45	0	0.5334586	10	0.1114105	0	
300	0.55	45	0	0.5334586	20	0.1114105	0	
300	0.55	45	0	0.5334586	30	0.1114105	0	
300	0.55	45	0	0.5334586	40	0.1114105	0	
300	0.55	45	0	0.5334586	50	0.1114105	0	
300	0.55	45	0	0.5334586	60	0.1114105	0	
300	0.55	45	0	0.5334586	70	0.1114105	0	
300	0.55	45	0	0.5334586	80	0.1114105	0	
300	0.55	45	0	0.5334586	90	0.1114105	0	
300	0.55	45	0	0.5334586	100	0.1114105	0	
300	0.55	45	0	0.5334586	110	0.1114105	0	
300	0.55	45	0	0.5334586	120	0.1114105	0	
300	0.55	45	0	0.5334586	130	0.1114105	0	
300	0.55	45	0	0.5334586	140	0.1114105	0	
300	0.55	45	0	0.5334586	150	0.1114105	0	
300	0.55	45	0	0.5334586	160	0.1114105	0	
300	0.55	45	0	0.5334586	170	0.1114105	0	
300	0.55	45	0	0.5334586	180	0.1114105	0	
300	0.55	45	0	0.5334586	190	0.1114105	0	
300	0.55	45	0	0.5334586	200	0.1114105	0	
300	0.55	45	0	0.5334586	210	0.1114105	0	
300	0.55	45	0	0.5334586	220	0.1114105	0	
300	0.55	45	0	0.5334586	230	0.1114105	0	
300	0.55	45	0	0.5334586	240	0.1114105	0	
300	0.55	45	0	0.5334586	250	0.1114105	0	
300	0.55	45	0	0.5334586	260	0.1114105	0	
300	0.55	45	0	0.5334586	270	0.1114105	0	
300	0.55	45	0	0.5334586	280	0.1114105	0	
300	0.55	45	0	0.5334586	290	0.1114105	0	
300	0.55	45	0	0.5334586	300	0.1114105	0	
300	0.55	45	0	0.5334586	310	0.1114105	0	
300	0.55	45	0	0.5334586	320	0.1114105	0	
300	0.55	45	0	0.5334586	330	0.1114105	0	
300	0.55	45	0	0.5334586	340	0.1114105	0	
300	0.55	45	0	0.5334586	350	0.1114105	0	
300	0.55	45	0	0.4482877	0	0.111798	0	
300	0.55	45	0	0.4482877	10	0.111798	0	
300	0.55	45	0	0.4482877	20	0.111798	0	
300	0.55	45	0	0.4482877	30	0.111798	0	
300	0.55	45	0	0.4482877	40	0.111798	0	
300	0.55	45	0	0.4482877	50	0.111798	0	
300	0.55	45	0	0.4482877	60	0.111798	0	
300	0.55	45	0	0.4482877	70	0.111798	0	
300	0.55	45	0	0.4482877	80	0.111798	0	
300	0.55	45	0	0.4482877	90	0.111798	0	
300	0.55	45	0	0.4482877	100	0.111798	0	
300	0.55	45	0	0.4482877	110	0.111798	0	
300	0.55	45	0	0.4482877	120	0.111798	0	
300	0.55	45	0	0.4482877	130	0.111798	0	
300	0.55	45	0	0.4482877	140	0.111798	0	
300	0.55	45	0	0.4482877	150	0.111798	0	
300	0.55	45	0	0.4482877	160	0.111798	0	
300	0.55	45	0	0.4482877	170	0.111798	0	
300	0.55	45	0	0.4482877	180	0.111798	0	
300	0.55	45	0	0.4482877	190	0.111798	0	
300	0.55	45	0	0.4482877	200	0.111798	0	
300	0.55	45	0	0.4482877	210	0.111798	0	
300	0.55	45	0	0.4482877	220	0.111798	0	
300	0.55	45	0	0.4482877	230	0.111798	0	
300	0.55	45	0	0.4482877	240	0.111798	0	
300	0.55	45	0	0.4482877	250	0.111798	0	
300	0.55	45	0	0.4482877	260	0.111798	0	
300	0.55	45	0	0.4482877	270	0.111798	0	
300	0.55	45	0	0.4482877	280	0.111798	0	
300	0.55	45	0	0.4482877	290	0.111798	0	
300	0.55	45	0	0.4482877	300	0.111798	0	
300	0.55	45	0	0.4482877	310	0.111798	0	
300	0.55	45	0	0.4482877	320	0.111798	0	
300	0.55	45	0	0.4482877	330	0.111798	0	
300	0.55	45	0	0.4482877	340	0.111798	0	
300	0.55	45	0	0.4482877	350	0.111798	0	
300	0.55	45	0	0.3650866	0	0.1129825	0	
300	0.55	45	0	0.3650866	10	0.1129825	0	
300	0.55	45	0	0.3650866	20	0.1129825	0	
300	0.55	45	0	0.3650866	30	0.1129825	0	
300	0.55	45	0	0.3650866	40	0.1129825	0	
300	0.55	45	0	0.3650866	50	0.1129825	0	
300	0.55	45	0	0.3650866	60	0.1129825	0	
300	0.55	45	0	0.3650866	70	0.1129825	0	
300	0.55	45	0	0.3650866	80	0.1129825	0	
300	0.55	45	0	0.3650866	90	0.1129825	0	
300	0.55	45	0	0.3650866	100	0.1129825	0	
300	0.55	45	0	0.3650866	110	0.1129825	0	
300	0.55	45	0	0.3650866	120	0.1129825	0	
300	0.55	45	0	0.3650866	130	0.1129825	0	
300	0.55	45	0	0.3650866	140	0.1129825	0	
300	0.55	45	0	0.3650866	150	0.1129825	0	
300	0.55	45	0	0.3650866	160	0.1129825	0	
300	0.55	45	0	0.3650866	170	0.1129825	0	
300	0.55	45	0	0.3650866	180	0.1129825	0	
300	0.55	45	0	0.3650866	190	0.1129825	0	
300	0.55	45	0	0.3650866	200	0.1129825	0	
300	0.55	45	0	0.3650866	210	0.1129825	0	
300	0.55	45	0	0.3650866	220	0.1129825	0	
300	0.55	45	0	0.3650866	230	0.1129825	0	
300	0.55	45	0	0.3650866	240	0.1129825	0	
300	0.55	45	0	0.3650866	250	0.1129825	0	
300	0.55	45	0	0.3650866	260	0.1129825	0	
300	0.55	45	0	0.3650866	270	0.1129825	0	
300	0.55	45	0	0.3650866	280	0.1129825	0	
300	0.55	45	0	0.3650866	290	0.1129825	0	
300	0.55	45	0	0.3650866	300	0.1129825	0	
300	0.55	45	0	0.3650866	310	0.1129825	0	
300	0.55	45	0	0.3650866	320	0.1129825	0	
300	0.55	45	0	0.3650866	330	0.1129825	0	
300	0.55	45	0	0.3650866	340	0.1129825	0	
300	0.55	45	0	0.3650866	350	0.1129825	0	
300	0.55	45	0	0.2844885	0	0.1139695	0	
300	0.55	45	0	0.2844885	10	0.1139695	0	
300	0.55	45	0	0.2844885	20	0.1139695	0	
300	0.55	45	0	0.2844885	30	0.1139695	0	
300	0.55	45	0	0.2844885	40	0.1139695	0	
300	0.55	45	0	0.2844885	50	0.1139695	0	
300	0.55	45	0	0.2844885	60	0.1139695	0	
300	0.55	45	0	0.2844885	70	0.1139695	0	
300	0.55	45	0	0.2844885	80	0.1139695	0	
300	0.55	45	0	0.2844885	90	0.1139695	0	
300	0.55	45	0	0.2844885	100	0.1139695	0	
300	0.55	45	0	0.2844885	110	0.1139695	0	
300	0.55	45	0	0.2844885	120	0.1139695	0	
300	0.55	45	0	0.2844885	130	0.1139695	0	
300	0.55	45	0	0.2844885	140	0.1139695	0	
300	0.55	45	0	0.2844885	150	0.1139695	0	
300	0.55	45	0	0.2844885	160	0.1139695	0	
300	0.55	45	0	0.2844885	170	0.1139695	0	
300	0.55	45	0	0.2844885	180	0.1139695	0	
300	0.55	45	0	0.2844885	190	0.1139695	0	
300	0.55	45	0	0.2844885	200	0.1139695	0	
300	0.55	45	0	0.2844885	210	0.1139695	0	
300	0.55	45	0	0.2844885	220	0.1139695	0	
300	0.55	45	0	0.2844885	230	0.1139695	0	
300	0.55	45	0	0.2844885	240	0.1139695	0	
300	0.55	45	0	0.2844885	250	0.1139695	0	
300	0.55	45	0	0.2844885	260	0.1139695	0	
300	0.55	45	0	0.2844885	270	0.1139695	0	
300	0.55	45	0	0.2844885	280	0.1139695	0	
300	0.55	45	0	0.2844885	290	0.1139695	0	
300	0.55	45	0	0.2844885	300	0.1139695	0	
300	0.55	45	0	0.2844885	310	0.1139695	0	
300	0.55	45	0	0.2844885	320	0.1139695	0	
300	0.55	45	0	0.2844885	330	0.1139695	0	
300	0.55	45	0	0.2844885	340	0.1139695	0	
300	0.55	45	0	0.2844885	350	0.1139695	0	
300	0.55	45	0	0.2071068	0	0.1151235	0	
300	0.55	45	0	0.2071068	10	0.1151235	0	
300	0.55	45	0	0.2071068	20	0.1151235	0	
300	0.55	45	0	0.2071068	30	0.1151235	0	
300	0.55	45	0	0.2071068	40	0.1151235	0	
300	0.55	45	0	0.2071068	50	0.1151235	0	
300	0.55	45	0	0.2071068	60	0.1151235	0	
300	0.55	45	0	0.2071068	70	0.1151235	0	
300	0.55	45	0	0.2071068	80	0.1151235	0	
300	0.55	45	0	0.2071068	90	0.1151235	0	
300	0.55	45	0	0.2071068	100	0.1151235	0	
300	0.55	45	0	0.2071068	110	0.1151235	0	
300	0.55	45	0	0.2071068	120	0.1151235	0	
300	0.55	45	0	0.2071068	130	0.1151235	0	
300	0.55	45	0	0.2071068	140	0.1151235	0	
300	0.55	45	0	0.2071068	150	0.1151235	0	
300	0.55	45	0	0.2071068	160	0.1151235	0	
300	0.55	45	0	0.2071068	170	0.1151235	0	
300	0.55	45	0	0.2071068	180	0.1151235	0	
300	0.55	45	0	0.2071068	190	0.1151235	0	
300	0.55	45	0	0.2071068	200	0.1151235	0	
300	0.55	45	0	0.2071068	210	0.1151235	0	
300	0.55	45	0	0.2071068	220	0.1151235	0	
300	0.55	45	0	0.2071068	230	0.1151235	0	
300	0.55	45	0	0.2071068	240	0.1151235	0	
300	0.55	45	0	0.2071068	250	0.1151235	0	
300	0.55	45	0	0.2071068	260	0.1151235	0	
300	0.55	45	0	0.2071068	270	0.1151235	0	
300	0.55	45	0	0.2071068	280	0.1151235	0	
300	0.55	45	0	0.2071068	290	0.1151235	0	
300	0.55	45	0	0.2071068	300	0.1151235	0	
300	0.55	45	0	0.2071068	310	0.1151235	0	
300	0.55	45	0	0.2071068	320	0.1151235	0	
300	0.55	45	0	0.2071068	330	0.1151235	0	
300	0.55	45	0	0.2071068	340	0.1151235	0	
300	0.55	45	0	0.2071068	350	0.1151235	0	
300	0.55	45	0	0.1335303	0	0.115756	0	
300	0.55	45	0	0.1335303	10	0.115756	0	
300	0.55	45	0	0.1335303	20	0.115756	0	
300	0.55	45	0	0.1335303	30	0.115756	0	
300	0.55	45	0	0.1335303	40	0.115756	0	
300	0.55	45	0	0.1335303	50	0.115756	0	
300	0.55	45	0	0.1335303	60	0.115756	0	
300	0.55	45	0	0.1335303	70	0.115756	0	
300	0.55	45	0	0.1335303	80	0.115756	0	
300	0.55	45	0	0.1335303	90	0.115756	0	
300	0.55	45	0	0.1335303	100	0.115756	0	
300	0.55	45	0	0.1335303	110	0.115756	0	
300	0.55	45	0	0.1335303	120	0.115756	0	
300	0.55	45	0	0.1335303	130	0.115756	0	
300	0.55	45	0	0.1335303	140	0.115756	0	
300	0.55	45	0	0.1335303	150	0.115756	0	
300	0.55	45	0	0.1335303	160	0.115756	0	
300	0.55	45	0	0.1335303	170	0.115756	0	
300	0.55	45	0	0.1335303	180	0.115756	0	
300	0.55	45	0	0.1335303	190	0.115756	0	
300	0.55	45	0	0.1335303	200	0.115756	0	
300	0.55	45	0	0.1335303	210	0.115756	0	
300	0.55	45	0	0.1335303	220	0.115756	0	
300	0.55	45	0	0.1335303	230	0.115756	0	
300	0.55	45	0	0.1335303	240	0.115756	0	
300	0.55	45	0	0.1335303	250	0.115756	0	
300	0.55	45	0	0.1335303	260	0.115756	0	
300	0.55	45	0	0.1335303	270	0.115756	0	
300	0.55	45	0	0.1335303	280	0.115756	0	
300	0.55	45	0	0.1335303	290	0.115756	0	
300	0.55	45	0	0.1335303	300	0.115756	0	
300	0.55	45	0	0.1335303	310	0.115756	0	
300	0.55	45	0	0.1335303	320	0.115756	0	
300	0.55	45	0	0.1335303	330	0.115756	0	
300	0.55	45	0	0.1335303	340	0.115756	0	
300	0.55	45	0	0.1335303	350	0.115756	0	
300	0.55	45	0	0.0643192	0	0.080932	0	
300	0.55	45	0	0.0643192	10	0.080932	0	
300	0.55	45	0	0.0643192	20	0.080932	0	
300	0.55	45	0	0.0643192	30	0.080932	0	
300	0.55	45	0	0.0643192	40	0.080932	0	
300	0.55	45	0	0.0643192	50	0.080932	0	
300	0.55	45	0	0.0643192	60	0.080932	0	
300	0.55	45	0	0.0643192	70	0.080932	0	
300	0.55	45	0	0.0643192	80	0.080932	0	
300	0.55	45	0	0.0643192	90	0.080932	0	
300	0.55	45	0	0.0643192	100	0.080932	0	
300	0.55	45	0	0.0643192	110	0.080932	0	
300	0.55	45	0	0.0643192	120	0.080932	0	
300	0.55	45	0	0.0643192	130	0.080932	0	
300	0.55	45	0	0.0643192	140	0.080932	0	
300	0.55	45	0	0.0643192	150	0.080932	0	
300	0.55	45	0	0.0643192	160	0.080932	0	
300	0.55	45	0	0.0643192	170	0.080932	0	
300	0.55	45	0	0.0643192	180	0.080932	0	
300	0.55	45	0	0.0643192	190	0.080932	0	
300	0.55	45	0	0.0643192	200	0.080932	0	
300	0.55	45	0	0.0643192	210	0.080932	0	
300	0.55	45	0	0.0643192	220	0.080932	0	
300	0.55	45	0	0.0643192	230	0.080932	0	
300	0.55	45	0	0.0643192	240	0.080932	0	
300	0.55	45	0	0.0643192	250	0.080932	0	
300	0.55	45	0	0.0643192	260	0.080932	0	
300	0.55	45	0	0.0643192	270	0.080932	0	
300	0.55	45	0	0.0643192	280	0.080932	0	
300	0.55	45	0	0.0643192	290	0.080932	0	
300	0.55	45	0	0.0643192	300	0.080932	0	
300	0.55	45	0	0.0643192	310	0.080932	0	
300	0.55	45	0	0.0643192	320	0.080932	0	
300	0.55	45	0	0.0643192	330	0.080932	0	
300	0.55	45	0	0.0643192	340	0.080932	0	
300	0.55	45	0	0.0643192	350	0.080932	0	
300	0.55	45	0	0	0	0.080267	0	
300	0.55	45	0	0	10	0.080267	0	
300	0.55	45	0	0	20	0.080267	0	
300	0.55	45	0	0	30	0.080267	0	
300	0.55	45	0	0	40	0.080267	0	
300	0.55	45	0	0	50	0.080267	0	
300	0.55	45	0	0	60	0.080267	0	
300	0.55	45	0	0	70	0.080267	0	
300	0.55	45	0	0	80	0.080267	0	
300	0.55	45	0	0	90	0.080267	0	
300	0.55	45	0	0	100	0.080267	0	
300	0.55	45	0	0	110	0.080267	0	
300	0.55	45	0	0	120	0.080267	0	
300	0.55	45	0	0	130	0.080267	0	
300	0.55	45	0	0	140	0.080267	0	
300	0.55	45	0	0	150	0.080267	0	
300	0.55	45	0	0	160	0.080267	0	
300	0.55	45	0	0	170	0.080267	0	
300	0.55	45	0	0	180	0.080267	0	
300	0.55	45	0	0	190	0.080267	0	
300	0.55	45	0	0	200	0.080267	0	
300	0.55	45	0	0	210	0.080267	0	
300	0.55	45	0	0	220	0.080267	0	
300	0.55	45	0	0	230	0.080267	0	
300	0.55	45	0	0	240	0.080267	0	
300	0.55	45	0	0	250	0.080267	0	
300	0.55	45	0	0	260	0.080267	0	
300	0.55	45	0	0	270	0.080267	0	
300	0.55	45	0	0	280	0.080267	0	
300	0.55	45	0	0	290	0.080267	0	
300	0.55	45	0	0	300	0.080267	0	
300	0.55	45	0	0	310	0.080267	0	
300	0.55	45	0	0	320	0.080267	0	
300	0.55	45	0	0	330	0.080267	0	
300	0.55	45	0	0	340	0.080267	0	
300	0.55	45	0	0	350	0.080267	0	
300	0.55	45	0	0.0589377	0	0.080059	0	
300	0.55	45	0	0.0589377	10	0.080059	0	
300	0.55	45	0	0.0589377	20	0.080059	0	
300	0.55	45	0	0.0589377	30	0.080059	0	
300	0.55	45	0	0.0589377	40	0.080059	0	
300	0.55	45	0	0.0589377	50	0.080059	0	
300	0.55	45	0	0.0589377	60	0.080059	0	
300	0.55	45	0	0.0589377	70	0.080059	0	
300	0.55	45	0	0.0589377	80	0.080059	0	
300	0.55	45	0	0.0589377	90	0.080059	0	
300	0.55	45	0	0.0589377	100	0.080059	0	
300	0.55	45	0	0.0589377	110	0.080059	0	
300	0.55	45	0	0.0589377	120	0.080059	0	
300	0.55	45	0	0.0589377	130	0.080059	0	
300	0.55	45	0	0.0589377	140	0.080059	0	
300	0.55	45	0	0.0589377	150	0.080059	0	
300	0.55	45	0	0.0589377	160	0.080059	0	
300	0.55	45	0	0.0589377	170	0.080059	0	
300	0.55	45	0	0.0589377	180	0.080059	0	
300	0.55	45	0	0.0589377	190	0.080059	0	
300	0.55	45	0	0.0589377	200	0.080059	0	
300	0.55	45	0	0.0589377	210	0.080059	0	
300	0.55	45	0	0.0589377	220	0.080059	0	
300	0.55	45	0	0.0589377	230	0.080059	0	
300	0.55	45	0	0.0589377	240	0.080059	0	
300	0.55	45	0	0.0589377	250	0.080059	0	
300	0.55	45	0	0.0589377	260	0.080059	0	
300	0.55	45	0	0.0589377	270	0.080059	0	
300	0.55	45	0	0.0589377	280	0.080059	0	
300	0.55	45	0	0.0589377	290	0.080059	0	
300	0.55	45	0	0.0589377	300	0.080059	0	
300	0.55	45	0	0.0589377	310	0.080059	0	
300	0.55	45	0	0.0589377	320	0.080059	0	
300	0.55	45	0	0.0589377	330	0.080059	0	
300	0.55	45	0	0.0589377	340	0.080059	0	
300	0.55	45	0	0.0589377	350	0.080059	0	
300	0.55	45	0	0.1120453	0	0.081137	0	
300	0.55	45	0	0.1120453	10	0.081137	0	
300	0.55	45	0	0.1120453	20	0.081137	0	
300	0.55	45	0	0.1120453	30	0.081137	0	
300	0.55	45	0	0.1120453	40	0.081137	0	
300	0.55	45	0	0.1120453	50	0.081137	0	
300	0.55	45	0	0.1120453	60	0.081137	0	
300	0.55	45	0	0.1120453	70	0.081137	0	
300	0.55	45	0	0.1120453	80	0.081137	0	
300	0.55	45	0	0.1120453	90	0.081137	0	
300	0.55	45	0	0.1120453	100	0.081137	0	
300	0.55	45	0	0.1120453	110	0.081137	0	
300	0.55	45	0	0.1120453	120	0.081137	0	
300	0.55	45	0	0.1120453	130	0.081137	0	
300	0.55	45	0	0.1120453	140	0.081137	0	
300	0.55	45	0	0.1120453	150	0.081137	0	
300	0.55	45	0	0.1120453	160	0.081137	0	
300	0.55	45	0	0.1120453	170	0.081137	0	
300	0.55	45	0	0.1120453	180	0.081137	0	
300	0.55	45	0	0.1120453	190	0.081137	0	
300	0.55	45	0	0.1120453	200	0.081137	0	
300	0.55	45	0	0.1120453	210	0.081137	0	
300	0.55	45	0	0.1120453	220	0.081137	0	
300	0.55	45	0	0.1120453	230	0.081137	0	
300	0.55	45	0	0.1120453	240	0.081137	0	
300	0.55	45	0	0.1120453	250	0.081137	0	
300	0.55	45	0	0.1120453	260	0.081137	0	
300	0.55	45	0	0.1120453	270	0.081137	0	
300	0.55	45	0	0.1120453	280	0.081137	0	
300	0.55	45	0	0.1120453	290	0.081137	0	
300	0.55	45	0	0.1120453	300	0.081137	0	
300	0.55	45	0	0.1120453	310	0.081137	0	
300	0.55	45	0	0.1120453	320	0.081137	0	
300	0.55	45	0	0.1120453	330	0.081137	0	
300	0.55	45	0	0.1120453	340	0.081137	0	
300	0.55	45	0	0.1120453	350	0.081137	0	
300	0.55	45	0	0.1589186	0	0.08127	0	
300	0.55	45	0	0.1589186	10	0.08127	0	
300	0.55	45	0	0.1589186	20	0.08127	0	
300	0.55	45	0	0.1589186	30	0.08127	0	
300	0.55	45	0	0.1589186	40	0.08127	0	
300	0.55	45	0	0.1589186	50	0.08127	0	
300	0.55	45	0	0.1589186	60	0.08127	0	
300	0.55	45	0	0.1589186	70	0.08127	0	
300	0.55	45	0	0.1589186	80	0.08127	0	
300	0.55	45	0	0.1589186	90	0.08127	0	
300	0.55	45	0	0.1589186	100	0.08127	0	
300	0.55	45	0	0.1589186	110	0.08127	0	
300	0.55	45	0	0.1589186	120	0.08127	0	
300	0.55	45	0	0.1589186	130	0.08127	0	
300	0.55	45	0	0.1589186	140	0.08127	0	
300	0.55	45	0	0.1589186	150	0.08127	0	
300	0.55	45	0	0.1589186	160	0.08127	0	
300	0.55	45	0	0.1589186	170	0.08127	0	
300	0.55	45	0	0.1589186	180	0.08127	0	
300	0.55	45	0	0.1589186	190	0.08127	0	
300	0.55	45	0	0.1589186	200	0.08127	0	
300	0.55	45	0	0.1589186	210	0.08127	0	
300	0.55	45	0	0.1589186	220	0.08127	0	
300	0.55	45	0	0.1589186	230	0.08127	0	
300	0.55	45	0	0.1589186	240	0.08127	0	
300	0.55	45	0	0.1589186	250	0.08127	0	
300	0.55	45	0	0.1589186	260	0.08127	0	
300	0.55	45	0	0.1589186	270	0.08127	0	
300	0.55	45	0	0.1589186	280	0.08127	0	
300	0.55	45	0	0.1589186	290	0.08127	0	
300	0.55	45	0	0.1589186	300	0.08127	0	
300	0.55	45	0	0.1589186	310	0.08127	0	
300	0.55	45	0	0.1589186	320	0.08127	0	
300	0.55	45	0	0.1589186	330	0.08127	0	
300	0.55	45	0	0.1589186	340	0.08127	0	
300	0.55	45	0	0.1589186	350	0.08127	0	
300	0.55	45	0	0.199201	0	0.081983	0	
300	0.55	45	0	0.199201	10	0.081983	0	
300	0.55	45	0	0.199201	20	0.081983	0	
300	0.55	45	0	0.199201	30	0.081983	0	
300	0.55	45	0	0.199201	40	0.081983	0	
300	0.55	45	0	0.199201	50	0.081983	0	
300	0.55	45	0	0.199201	60	0.081983	0	
300	0.55	45	0	0.199201	70	0.081983	0	
300	0.55	45	0	0.199201	80	0.081983	0	
300	0.55	45	0	0.199201	90	0.081983	0	
300	0.55	45	0	0.199201	100	0.081983	0	
300	0.55	45	0	0.199201	110	0.081983	0	
300	0.55	45	0	0.199201	120	0.081983	0	
300	0.55	45	0	0.199201	130	0.081983	0	
300	0.55	45	0	0.199201	140	0.081983	0	
300	0.55	45	0	0.199201	150	0.081983	0	
300	0.55	45	0	0.199201	160	0.081983	0	
300	0.55	45	0	0.199201	170	0.081983	0	
300	0.55	45	0	0.199201	180	0.081983	0	
300	0.55	45	0	0.199201	190	0.081983	0	
300	0.55	45	0	0.199201	200	0.081983	0	
300	0.55	45	0	0.199201	210	0.081983	0	
300	0.55	45	0	0.199201	220	0.081983	0	
300	0.55	45	0	0.199201	230	0.081983	0	
300	0.55	45	0	0.199201	240	0.081983	0	
300	0.55	45	0	0.199201	250	0.081983	0	
300	0.55	45	0	0.199201	260	0.081983	0	
300	0.55	45	0	0.199201	270	0.081983	0	
300	0.55	45	0	0.199201	280	0.081983	0	
300	0.55	45	0	0.199201	290	0.081983	0	
300	0.55	45	0	0.199201	300	0.081983	0	
300	0.55	45	0	0.199201	310	0.081983	0	
300	0.55	45	0	0.199201	320	0.081983	0	
300	0.55	45	0	0.199201	330	0.081983	0	
300	0.55	45	0	0.199201	340	0.081983	0	
300	0.55	45	0	0.199201	350	0.081983	0	
300	0.55	45	0	0.2325858	0	0.083622	0	
300	0.55	45	0	0.2325858	10	0.083622	0	
300	0.55	45	0	0.2325858	20	0.083622	0	
300	0.55	45	0	0.2325858	30	0.083622	0	
300	0.55	45	0	0.2325858	40	0.083622	0	
300	0.55	45	0	0.2325858	50	0.083622	0	
300	0.55	45	0	0.2325858	60	0.083622	0	
300	0.55	45	0	0.2325858	70	0.083622	0	
300	0.55	45	0	0.2325858	80	0.083622	0	
300	0.55	45	0	0.2325858	90	0.083622	0	
300	0.55	45	0	0.2325858	100	0.083622	0	
300	0.55	45	0	0.2325858	110	0.083622	0	
300	0.55	45	0	0.2325858	120	0.083622	0	
300	0.55	45	0	0.2325858	130	0.083622	0	
300	0.55	45	0	0.2325858	140	0.083622	0	
300	0.55	45	0	0.2325858	150	0.083622	0	
300	0.55	45	0	0.2325858	160	0.083622	0	
300	0.55	45	0	0.2325858	170	0.083622	0	
300	0.55	45	0	0.2325858	180	0.083622	0	
300	0.55	45	0	0.2325858	190	0.083622	0	
300	0.55	45	0	0.2325858	200	0.083622	0	
300	0.55	45	0	0.2325858	210	0.083622	0	
300	0.55	45	0	0.2325858	220	0.083622	0	
300	0.55	45	0	0.2325858	230	0.083622	0	
300	0.55	45	0	0.2325858	240	0.083622	0	
300	0.55	45	0	0.2325858	250	0.083622	0	
300	0.55	45	0	0.2325858	260	0.083622	0	
300	0.55	45	0	0.2325858	270	0.083622	0	
300	0.55	45	0	0.2325858	280	0.083622	0	
300	0.55	45	0	0.2325858	290	0.083622	0	
300	0.55	45	0	0.2325858	300	0.083622	0	
300	0.55	45	0	0.2325858	310	0.083622	0	
300	0.55	45	0	0.2325858	320	0.083622	0	
300	0.55	45	0	0.2325858	330	0.083622	0	
300	0.55	45	0	0.2325858	340	0.083622	0	
300	0.55	45	0	0.2325858	350	0.083622	0	
300	0.55	45	0	0.258819	0	0.08569	0	
300	0.55	45	0	0.258819	10	0.08569	0	
300	0.55	45	0	0.258819	20	0.08569	0	
300	0.55	45	0	0.258819	30	0.08569	0	
300	0.55	45	0	0.258819	40	0.08569	0	
300	0.55	45	0	0.258819	50	0.08569	0	
300	0.55	45	0	0.258819	60	0.08569	0	
300	0.55	45	0	0.258819	70	0.08569	0	
300	0.55	45	0	0.258819	80	0.08569	0	
300	0.55	45	0	0.258819	90	0.08569	0	
300	0.55	45	0	0.258819	100	0.08569	0	
300	0.55	45	0	0.258819	110	0.08569	0	
300	0.55	45	0	0.258819	120	0.08569	0	
300	0.55	45	0	0.258819	130	0.08569	0	
300	0.55	45	0	0.258819	140	0.08569	0	
300	0.55	45	0	0.258819	150	0.08569	0	
300	0.55	45	0	0.258819	160	0.08569	0	
300	0.55	45	0	0.258819	170	0.08569	0	
300	0.55	45	0	0.258819	180	0.08569	0	
300	0.55	45	0	0.258819	190	0.08569	0	
300	0.55	45	0	0.258819	200	0.08569	0	
300	0.55	45	0	0.258819	210	0.08569	0	
300	0.55	45	0	0.258819	220	0.08569	0	
300	0.55	45	0	0.258819	230	0.08569	0	
300	0.55	45	0	0.258819	240	0.08569	0	
300	0.55	45	0	0.258819	250	0.08569	0	
300	0.55	45	0	0.258819	260	0.08569	0	
300	0.55	45	0	0.258819	270	0.08569	0	
300	0.55	45	0	0.258819	280	0.08569	0	
300	0.55	45	0	0.258819	290	0.08569	0	
300	0.55	45	0	0.258819	300	0.08569	0	
300	0.55	45	0	0.258819	310	0.08569	0	
300	0.55	45	0	0.258819	320	0.08569	0	
300	0.55	45	0	0.258819	330	0.08569	0	
300	0.55	45	0	0.258819	340	0.08569	0	
300	0.55	45	0	0.258819	350	0.08569	0	
300	0.55	45	0	0.277701	0	0.089085	0	
300	0.55	45	0	0.277701	10	0.089085	0	
300	0.55	45	0	0.277701	20	0.089085	0	
300	0.55	45	0	0.277701	30	0.089085	0	
300	0.55	45	0	0.277701	40	0.089085	0	
300	0.55	45	0	0.277701	50	0.089085	0	
300	0.55	45	0	0.277701	60	0.089085	0	
300	0.55	45	0	0.277701	70	0.089085	0	
300	0.55	45	0	0.277701	80	0.089085	0	
300	0.55	45	0	0.277701	90	0.089085	0	
300	0.55	45	0	0.277701	100	0.089085	0	
300	0.55	45	0	0.277701	110	0.089085	0	
300	0.55	45	0	0.277701	120	0.089085	0	
300	0.55	45	0	0.277701	130	0.089085	0	
300	0.55	45	0	0.277701	140	0.089085	0	
300	0.55	45	0	0.277701	150	0.089085	0	
300	0.55	45	0	0.277701	160	0.089085	0	
300	0.55	45	0	0.277701	170	0.089085	0	
300	0.55	45	0	0.277701	180	0.089085	0	
300	0.55	45	0	0.277701	190	0.089085	0	
300	0.55	45	0	0.277701	200	0.089085	0	
300	0.55	45	0	0.277701	210	0.089085	0	
300	0.55	45	0	0.277701	220	0.089085	0	
300	0.55	45	0	0.277701	230	0.089085	0	
300	0.55	45	0	0.277701	240	0.089085	0	
300	0.55	45	0	0.277701	250	0.089085	0	
300	0.55	45	0	0.277701	260	0.089085	0	
300	0.55	45	0	0.277701	270	0.089085	0	
300	0.55	45	0	0.277701	280	0.089085	0	
300	0.55	45	0	0.277701	290	0.089085	0	
300	0.55	45	0	0.277701	300	0.089085	0	
300	0.55	45	0	0.277701	310	0.089085	0	
300	0.55	45	0	0.277701	320	0.089085	0	
300	0.55	45	0	0.277701	330	0.089085	0	
300	0.55	45	0	0.277701	340	0.089085	0	
300	0.55	45	0	0.277701	350	0.089085	0	
